502702903296 || 73734246464646466782464674464646
502715826176 || 73734246464646466782464674464646
503186214912 || 73734246464646466782464674464646
503202992128 || 73734246464646466782464674464646
503377432576 || 73734246464646466782464674464646
503410900992 || 73734246464646466782464674464646
503611375616 || 73734246464646466782464674464646
503665541120 || 73734246464646466782464674464646
503874117632 || 73734246464646466782464674464646
503911571456 || 73734246464646466782464674464646
503912980480 || 73734246464646466782464674464646
503925907456 || 73734246464646466782464674464646
504937459712 || 73734246464646466782464674464646
505509822464 || 73734246464646466782464674464646
507808010240 || 73734246464646466782464674464646
508513177600 || 73734246464646466782464674464646
512884084736 || 73734246464646466782464674464646
520794857472 || 73734246464646466782464674464646
523980976128 || 73734246464646466782464674464646
525191331840 || 73734246464646466782464674464646
533345329152 || 73734246464646466782464674464646
533612433408 || 73734246464646466782464674464646
544065781760 || 73734246464646466782464674464646
544179703808 || 73734246464646466782464674464646
544192921600 || 73734246464646466782464674464646
551609712640 || 73734246464646466782464674464646
551611002880 || 73734246464646466782464674464646
578634326016 || 73734246464646466782464674464646
578641264640 || 73734246464646466782464674464646
582765690880 || 73734246464646466782464674464646
582782451712 || 73734246464646466782464674464646
582797512704 || 73734246464646466782464674464646
